0.7 0.7 1.7 1.7 4.40 	4.40	7.0	12.5	1 
1.7 1.7 1.4 1.4 4.30    4.30    5.0 7.5 1
1.3 1.3 1.4 1.4 3.5     3.50    4.0 22.0 1   
1.3 1.3 0.0 0.0 3.0     3.0     5.5 7.5 1
2.3 2.3 1.5 1.5 3.5     3.5     6.0 7.5 1
3.0	3.0	2.3 2.3 0.83	0.83	1.2	1.9	2
2.6 2.6 2.1 2.1 0.87    0.87    1.5 1.7 2
3.0	3.0	2.3	2.3	0.83	0.83    1.4	1.9	2
3.0	3.0	2.9	2.9	0.87	0.87    1.5	1.7	2
5.4	5.4	1.6	1.6	1.24	1.24    1.6	2.3	2
2.0 2.0 1.7 1.7 2.3     2.3     5.1 6.2 3
2.6 2.6 1.1 2.2 2.6     2.6     4.4 5.7 3
2.3 2.3 1.1 1.1 2.4     2.4     6.2 6.4 3
1.0 1.0 0.0 0.0 4.4     4.4    11.5 12.6 3
1.2	1.2	5.2	5.2	2.5		2.5     6.6	7.8	4
1.6	1.6	1.4	1.4	3.6		3.6     3.9	8.4	4
1.1	1.1	2.1	2.1	3.4		3.4     5.2	6.2	4
									
									
									
									
									
									
									
									
									
									
									
									
									
									
